24 0 1 2 3 5 6 9 10 11 12 16 17 20 25 30 31 33 36 37 49 65 179 221 234
26 4 7 8 13 14 18 19 21 22 23 26 27 35 42 43 46 47 52 66 69 77 84 94 130 132 183
22 15 24 28 29 32 38 39 40 45 48 50 51 55 59 67 71 97 100 120 123 135 151
20 34 44 53 56 57 60 61 64 68 70 73 76 78 81 98 104 126 143 149 165
20 41 58 62 63 79 82 83 86 89 90 93 101 106 112 115 142 153 169 175 274
20 54 74 91 96 102 109 111 114 117 118 119 124 139 141 145 154 173 178 211 247
17 72 75 92 105 107 113 121 122 131 138 152 155 176 186 189 194 208
20 80 95 125 128 129 140 146 147 157 158 160 181 182 192 196 206 229 231 240 257
19 85 127 137 144 150 156 163 170 177 190 197 199 201 205 215 228 233 270 278
20 87 88 133 166 171 172 174 185 191 195 202 207 219 223 235 238 242 251 256 293
19 99 103 134 136 187 188 198 204 209 214 236 237 248 250 252 255 262 272 279
17 108 110 148 193 200 213 217 222 239 243 253 264 265 266 280 288 297
14 116 159 161 218 224 226 230 241 254 258 269 283 287 289
12 162 203 210 220 225 232 244 268 271 291 292 298
11 164 227 245 260 261 263 267 277 281 284 295
5 167 246 259 273 282
4 168 216 276 285
3 180 286 290
3 184 294 299
1 212
1 249
1 275
1 296
0
0
0
0
0
0
0
0
0
0
0
0
0
0
0
0
0
0
0
0
0
0
0
0
0
0
0
0
0
0
0
0
0
0
0
0
0
0
0
0
0
0
0
0
0
0
0
0
0
0
0
0
0
0
0
0
0
0
0
0
0
0
0
0
0
0
0
0
0
0
0
0
0
0
0
0
0
0
0
0
0
0
0
0
0
0
0
0
0
0
0
0
0
0
0
0
0
0
0
