85 0 1 2 3 4 5 6 7 8 9 10 11 12 14 17 18 19 20 21 24 25 28 29 30 31 32 37 39 41 44 46 47 48 50 52 56 63 64 65 72 75 77 79 85 88 97 98 103 105 113 114 119 120 121 124 126 127 145 166 172 202 212 224 233 265 277 411 419 592 1111 1666 2820 2854 2863 3160 4506 5454 5679 5831 5954 7590 7759 8019 8232 9997
62 13 15 16 22 23 26 33 35 36 38 43 51 53 54 55 57 58 59 66 67 70 71 76 86 92 95 96 99 100 101 104 112 118 122 129 131 136 137 139 142 146 148 149 151 155 160 181 186 192 196 197 205 240 253 282 283 287 341 362 447 470 519
69 27 34 40 42 49 60 61 62 73 74 80 81 83 84 87 93 106 109 110 111 115 116 123 125 133 140 143 153 154 157 162 165 169 176 179 180 183 195 201 206 217 218 235 242 251 262 267 269 284 296 312 321 340 344 368 371 378 390 396 448 451 496 503 511 531 582 960 1199 2107
64 45 68 69 82 89 91 107 117 132 134 135 141 147 150 161 168 174 177 178 189 193 198 199 210 211 213 214 222 226 234 241 244 246 247 248 255 260 268 272 279 293 298 315 316 317 349 351 372 374 399 415 426 427 439 467 501 518 537 561 647 694 722 969 7414
66 78 90 94 108 128 130 144 158 163 164 167 171 173 184 185 190 194 200 203 223 225 228 231 237 239 245 249 254 263 264 270 274 285 297 299 302 303 307 325 326 329 342 346 348 364 366 410 423 441 442 453 455 480 486 491 497 516 556 578 655 697 711 819 973 1289 2451
59 102 159 170 182 188 191 204 208 209 215 216 219 220 230 243 252 257 258 259 278 292 300 301 305 318 324 335 337 347 354 355 370 381 398 401 424 433 438 454 458 459 464 485 509 517 547 566 573 574 575 587 624 696 764 825 845 849 900 1445
68 138 221 227 229 232 236 238 250 261 266 289 290 308 310 311 313 322 323 331 332 334 339 345 353 359 360 361 367 369 376 379 382 386 388 407 414 418 440 444 461 463 469 478 483 488 495 506 520 542 543 581 607 614 616 617 621 637 638 677 769 788 824 836 869 977 1154 2388 7264
68 152 256 271 273 276 288 291 294 304 309 319 320 356 358 363 373 383 384 387 391 392 394 403 406 412 428 430 449 471 475 481 490 492 494 500 505 507 508 524 535 536 538 549 562 579 622 632 634 640 641 651 652 661 692 717 730 731 749 796 870 936 946 966 1001 1099 1177 1766 3227
61 156 175 275 280 281 328 336 338 343 357 365 375 380 385 400 402 409 413 420 431 452 465 472 510 512 514 522 533 539 557 559 568 583 588 591 595 599 608 631 657 658 668 695 699 708 712 714 732 737 787 806 843 852 937 950 953 1106 1185 1298 1363 2423
62 187 286 314 330 350 389 393 397 404 408 425 435 437 456 466 468 484 521 525 527 529 532 545 560 564 567 580 585 604 611 613 618 633 635 645 646 649 672 705 707 723 725 727 728 735 752 754 783 808 809 818 859 860 882 951 1027 1136 1212 1235 1397 1921 3232
62 207 295 352 405 416 417 421 422 432 443 473 489 499 513 530 546 550 565 569 584 600 603 609 623 628 639 643 650 669 713 716 733 742 744 748 755 757 761 763 765 767 770 786 814 821 823 826 828 856 889 891 940 990 1010 1015 1079 1150 1211 1268 1508 2084 3082
61 306 377 429 434 450 460 462 504 515 541 555 572 576 590 594 597 615 619 620 636 642 644 664 673 680 693 700 729 751 756 758 759 762 772 774 776 797 827 857 876 880 885 892 894 898 932 948 978 1022 1071 1105 1184 1255 1270 1313 1315 1345 1367 1596 1648 4087
70 327 333 395 436 446 457 477 540 571 589 605 606 630 648 662 670 683 686 709 710 715 741 753 775 777 778 781 782 799 801 802 803 807 812 815 829 830 834 840 842 847 853 864 867 890 897 921 942 963 983 1005 1017 1061 1115 1119 1181 1227 1263 1288 1295 1323 1350 1399 1551 1627 1635 1637 2103 2254 3767
62 445 474 476 479 487 498 563 593 610 629 674 675 679 685 689 718 720 734 789 790 798 805 822 831 832 838 844 861 866 875 884 887 903 904 905 912 913 923 935 944 945 959 988 1018 1031 1086 1108 1112 1209 1237 1266 1316 1327 1369 1473 1484 1503 1651 1773 1793 2149 6575
63 482 493 502 523 528 544 598 627 653 678 682 690 704 739 743 833 855 858 863 865 868 872 877 895 907 909 914 917 920 938 955 958 967 976 985 992 1006 1008 1019 1026 1041 1072 1078 1110 1129 1254 1279 1281 1287 1305 1333 1361 1385 1428 1464 1522 1533 1690 1738 1778 1864 1911 2507
63 526 534 548 551 552 656 659 663 676 684 703 738 740 745 760 793 841 848 871 878 881 911 916 918 922 924 947 965 981 982 999 1013 1033 1043 1058 1065 1075 1077 1084 1090 1107 1153 1155 1183 1277 1297 1311 1337 1347 1378 1393 1396 1446 1486 1540 1550 1559 1638 1653 1665 1868 2436 2894
67 553 554 596 612 665 667 706 721 768 771 784 785 791 792 794 800 886 893 902 925 933 954 972 984 986 989 998 1029 1046 1047 1050 1052 1054 1057 1073 1087 1101 1116 1157 1159 1162 1200 1202 1208 1232 1251 1274 1318 1328 1374 1375 1404 1449 1474 1509 1543 1601 1607 1615 1672 1678 1739 1791 1954 1990 1993 2288
64 558 601 625 687 702 736 779 780 795 813 851 883 888 901 926 943 974 991 995 997 1000 1002 1003 1056 1063 1068 1070 1088 1094 1114 1117 1122 1156 1161 1164 1180 1190 1201 1230 1234 1284 1324 1331 1355 1362 1372 1443 1447 1454 1470 1479 1518 1576 1626 1629 1634 1655 1697 1851 1946 2007 2155 2338 2980
61 570 577 626 688 698 747 817 837 850 873 879 899 908 927 930 939 956 975 980 987 1007 1011 1023 1034 1044 1085 1091 1102 1103 1135 1137 1169 1173 1195 1213 1216 1246 1252 1273 1296 1332 1334 1357 1381 1481 1497 1500 1527 1538 1580 1705 1727 1801 1875 1928 2016 2134 2157 2217 3399 6627
67 586 602 726 810 854 874 896 906 919 931 941 949 964 996 1012 1020 1028 1032 1039 1045 1069 1092 1097 1126 1128 1142 1144 1145 1146 1170 1171 1221 1224 1225 1231 1240 1265 1286 1291 1335 1338 1343 1356 1379 1384 1388 1455 1475 1501 1506 1546 1583 1594 1682 1728 1762 1765 1798 1820 1891 1916 1991 2249 2296 2367 2518 5107
67 654 691 750 766 910 915 928 952 961 970 971 979 1004 1009 1064 1074 1081 1082 1083 1089 1096 1104 1147 1158 1163 1166 1168 1172 1176 1188 1223 1249 1272 1336 1341 1346 1351 1366 1376 1394 1400 1426 1432 1438 1463 1476 1478 1513 1514 1586 1633 1685 1686 1714 1800 1881 1937 1939 1943 1967 2031 2059 2213 2267 2406 2480 3708
65 660 671 773 811 968 1014 1016 1024 1025 1042 1055 1076 1093 1095 1098 1118 1120 1121 1127 1132 1182 1189 1206 1207 1214 1215 1244 1261 1262 1294 1308 1353 1382 1383 1391 1403 1450 1471 1480 1502 1510 1528 1529 1534 1561 1569 1570 1628 1646 1658 1669 1716 1718 1786 1947 1958 1975 2008 2041 2075 2099 2215 2494 2497 3595
68 666 724 804 816 1021 1036 1037 1049 1051 1053 1059 1123 1131 1133 1138 1149 1151 1160 1167 1174 1193 1218 1219 1226 1228 1233 1280 1292 1303 1314 1321 1352 1358 1392 1413 1456 1469 1495 1523 1563 1565 1582 1591 1605 1617 1663 1687 1699 1731 1790 1811 1812 1815 1834 1981 2054 2067 2119 2123 2143 2349 2386 2504 2528 2611 2659 3116 4131
66 681 746 835 839 1040 1066 1080 1124 1152 1165 1194 1198 1203 1222 1238 1242 1248 1253 1256 1259 1269 1290 1309 1319 1320 1371 1401 1406 1409 1416 1418 1439 1451 1453 1457 1488 1511 1537 1578 1581 1584 1619 1624 1649 1696 1703 1782 1827 1841 1857 1869 1874 1951 2088 2093 2094 2105 2189 2268 2273 2431 2456 2561 2565 2681 4329
67 701 846 862 1035 1067 1100 1148 1175 1178 1210 1217 1229 1243 1245 1258 1299 1301 1304 1307 1310 1317 1329 1349 1360 1389 1395 1405 1436 1452 1458 1461 1482 1494 1496 1517 1536 1567 1571 1611 1623 1625 1652 1656 1722 1729 1755 1775 1814 1843 1877 1878 1900 1930 1957 2095 2170 2203 2275 2291 2306 2371 2493 2530 2582 2678 2994 7527
64 719 929 957 994 1038 1113 1134 1139 1197 1220 1236 1257 1276 1282 1302 1306 1326 1370 1402 1419 1423 1431 1435 1444 1459 1467 1483 1489 1490 1498 1504 1507 1530 1535 1606 1613 1632 1640 1684 1733 1748 1757 1844 1859 1902 1912 1966 1974 1978 1995 2046 2104 2211 2308 2329 2345 2380 2481 2532 2587 2623 3143 4347 6091
69 820 993 1030 1060 1140 1186 1192 1205 1239 1241 1250 1260 1264 1283 1300 1322 1340 1354 1427 1460 1477 1493 1516 1524 1526 1544 1552 1553 1598 1616 1621 1636 1645 1654 1664 1673 1702 1710 1720 1732 1741 1743 1803 1806 1850 1922 1945 1949 1953 1982 1997 2025 2063 2214 2248 2264 2357 2385 2400 2441 2444 2467 2556 2585 2630 2719 3517 4361 6422
66 934 962 1062 1191 1196 1267 1275 1278 1293 1325 1342 1344 1368 1373 1411 1420 1433 1485 1519 1532 1545 1548 1557 1564 1585 1589 1618 1642 1650 1661 1662 1667 1706 1713 1736 1763 1780 1781 1789 1823 1845 1884 1901 1940 1979 1984 1987 1989 2065 2072 2074 2079 2109 2115 2257 2311 2448 2487 2516 2594 2620 2634 2661 2791 3952 4644
64 1048 1109 1125 1247 1285 1380 1390 1398 1412 1414 1430 1440 1487 1521 1525 1541 1549 1555 1602 1610 1622 1630 1643 1647 1695 1698 1701 1719 1721 1726 1771 1783 1819 1828 1830 1832 1840 1848 1858 1903 1910 1931 1955 1970 1992 2002 2035 2089 2102 2117 2160 2177 2197 2261 2422 2501 2505 2544 2616 2668 2781 2783 3006 3810
67 1130 1143 1187 1271 1330 1407 1410 1417 1421 1429 1441 1542 1547 1592 1593 1603 1609 1620 1668 1671 1680 1688 1709 1742 1744 1761 1774 1829 1838 1853 1866 1876 1886 1906 1941 1950 1973 2022 2023 2026 2045 2073 2081 2127 2159 2162 2190 2199 2250 2269 2282 2285 2328 2393 2398 2478 2510 2514 2523 2670 2786 2804 2809 2810 3107 3818 5885
69 1141 1204 1312 1339 1348 1365 1422 1442 1448 1462 1465 1515 1588 1612 1639 1657 1676 1679 1683 1692 1693 1694 1708 1723 1724 1747 1796 1847 1856 1870 1873 1879 1885 1887 1894 1918 1927 1977 2029 2047 2112 2118 2172 2180 2196 2210 2222 2240 2284 2294 2302 2336 2340 2360 2376 2427 2498 2537 2571 2572 2716 2789 2807 2814 2879 2936 3048 4171 5517
63 1179 1359 1364 1424 1491 1499 1505 1520 1554 1562 1575 1674 1689 1707 1725 1730 1749 1754 1799 1825 1861 1867 1880 1892 1905 1914 1936 1963 2006 2015 2034 2043 2070 2087 2113 2128 2131 2164 2192 2208 2277 2317 2347 2356 2363 2374 2383 2392 2405 2491 2533 2567 2627 2703 2706 2737 2829 2850 2901 2952 2956 3375 4331
64 1377 1387 1425 1437 1468 1531 1558 1560 1597 1600 1604 1677 1735 1750 1759 1767 1777 1792 1797 1837 1849 1889 1899 1908 1915 1919 1929 1952 1968 2010 2032 2060 2077 2108 2110 2111 2133 2173 2174 2259 2271 2272 2361 2366 2377 2421 2434 2437 2454 2483 2559 2618 2626 2709 2712 2848 2881 2895 2957 3021 3386 3634 3748 4275
65 1386 1408 1556 1590 1608 1614 1631 1644 1659 1681 1740 1760 1770 1784 1802 1810 1836 1839 1852 1872 1920 1933 1934 1935 1948 1960 1962 1972 2056 2082 2114 2125 2130 2151 2181 2200 2216 2227 2229 2246 2344 2362 2438 2443 2455 2461 2471 2476 2503 2545 2612 2638 2667 2691 2718 2731 2749 2776 2902 2925 3059 3071 3531 4188 6051
74 1415 1466 1492 1512 1670 1675 1700 1715 1737 1745 1758 1787 1794 1804 1821 1854 1871 1882 1883 1888 1895 1897 1971 1980 1986 1988 2004 2011 2014 2017 2019 2165 2171 2185 2187 2193 2204 2206 2219 2224 2225 2226 2231 2245 2270 2299 2307 2319 2402 2449 2458 2486 2529 2553 2566 2588 2597 2694 2721 2779 2812 2819 2828 2834 2904 2907 2911 2915 2968 3038 3080 3436 4901 7649
65 1434 1539 1568 1595 1704 1712 1751 1756 1776 1795 1855 1865 1898 1904 1932 1944 2001 2009 2020 2028 2030 2033 2040 2044 2066 2076 2080 2121 2220 2235 2237 2251 2256 2278 2283 2287 2290 2292 2309 2321 2420 2460 2490 2515 2543 2575 2579 2619 2732 2751 2778 2844 2862 2866 2942 2959 2969 2985 3106 3159 3504 4184 4916 4964 9895
65 1472 1572 1573 1599 1691 1734 1746 1768 1772 1809 1863 1890 1907 1913 1917 1996 1998 2021 2039 2050 2052 2055 2062 2068 2092 2116 2124 2148 2300 2312 2315 2324 2326 2327 2333 2341 2364 2379 2407 2411 2453 2473 2580 2596 2605 2621 2628 2655 2669 2729 2784 2796 2885 2938 2999 3008 3024 3030 3062 3188 3444 3554 3642 4576 6172
67 1566 1574 1660 1752 1779 1805 1816 1822 1923 1961 1969 1994 2018 2027 2061 2064 2071 2078 2083 2097 2100 2120 2122 2153 2178 2184 2262 2314 2342 2348 2369 2372 2387 2419 2425 2432 2445 2447 2488 2492 2592 2598 2639 2641 2676 2764 2773 2824 2856 2865 2883 2896 2926 2927 3014 3041 3057 3072 3074 3101 3202 3285 3334 3472 3529 3876 4300
69 1577 1711 1807 1818 1835 1862 1926 1964 1985 2013 2024 2053 2057 2096 2129 2132 2142 2161 2175 2176 2183 2188 2230 2255 2260 2276 2316 2354 2404 2413 2424 2462 2464 2466 2475 2484 2485 2521 2568 2602 2625 2650 2662 2665 2688 2696 2733 2787 2875 2884 2905 2953 2962 2964 2976 3015 3083 3092 3120 3138 3161 3218 3305 3381 3422 3555 4539 4659 5193
61 1579 1587 1764 1842 1860 1909 1924 1976 2003 2036 2049 2058 2101 2136 2158 2179 2194 2207 2243 2280 2325 2355 2370 2390 2408 2428 2500 2508 2527 2540 2549 2564 2581 2593 2653 2660 2684 2690 2723 2742 2750 2816 2880 2934 2978 2987 2990 2991 3045 3098 3148 3168 3173 3226 3279 3366 3403 3530 3570 4915 5255
66 1641 1788 1846 1893 1956 1983 2005 2012 2037 2042 2048 2051 2085 2106 2138 2154 2232 2233 2247 2274 2281 2286 2320 2373 2382 2389 2397 2412 2416 2463 2465 2534 2546 2560 2631 2658 2663 2692 2700 2702 2726 2827 2831 2861 2932 3002 3022 3023 3066 3081 3111 3157 3196 3197 3207 3289 3345 3468 3540 3580 3808 4014 4625 5723 6014 9600
67 1717 1753 1824 1896 2000 2069 2126 2135 2137 2144 2147 2166 2167 2221 2238 2242 2266 2289 2303 2318 2415 2426 2474 2495 2502 2520 2551 2576 2615 2617 2666 2671 2695 2697 2708 2727 2740 2754 2792 2806 2839 2871 2898 2958 3000 3032 3053 3070 3084 3112 3135 3141 3208 3214 3239 3274 3308 3311 3328 3349 3404 3633 3829 3870 4678 5211 6207
71 1769 1785 1817 1831 2140 2141 2145 2168 2186 2195 2201 2218 2258 2279 2295 2298 2301 2310 2313 2322 2403 2457 2509 2511 2513 2522 2539 2548 2577 2589 2606 2632 2645 2657 2683 2704 2714 2741 2753 2757 2798 2886 2899 2910 2929 2941 2974 3012 3017 3087 3093 3115 3133 3154 3163 3219 3237 3351 3354 3355 3406 3421 3467 3474 3589 3769 3826 3857 4364 4747 5453
65 1808 1833 1925 2090 2152 2169 2205 2212 2236 2331 2334 2337 2409 2410 2435 2470 2477 2538 2547 2552 2558 2590 2610 2643 2647 2675 2682 2686 2724 2730 2739 2759 2821 2837 2872 2888 2889 2945 2975 2988 2997 3007 3029 3097 3165 3200 3221 3224 3257 3352 3369 3450 3451 3457 3522 3583 3601 3645 3719 3868 3872 3913 4037 5065 5666
67 1813 1938 1942 2202 2228 2239 2244 2252 2253 2323 2339 2346 2359 2375 2433 2450 2489 2525 2542 2595 2629 2646 2651 2656 2685 2699 2705 2743 2761 2800 2817 2845 2869 2949 2951 2972 3004 3031 3052 3056 3077 3089 3140 3178 3206 3223 3307 3309 3374 3424 3426 3438 3459 3493 3547 3607 3652 3653 3664 3697 3901 3918 4063 4418 4789 5208 6906
69 1826 1959 2086 2241 2263 2293 2304 2305 2343 2350 2352 2358 2391 2429 2439 2499 2531 2541 2562 2601 2624 2654 2720 2725 2735 2780 2790 2811 2818 2833 2882 2893 2939 2970 2979 3013 3043 3046 3068 3088 3142 3189 3217 3230 3270 3282 3294 3338 3358 3447 3478 3483 3510 3527 3588 3614 3649 3663 3668 3816 3956 3957 4097 4111 4235 4419 4690 5738 8311
64 1965 2091 2139 2330 2332 2335 2353 2384 2394 2395 2401 2468 2536 2574 2613 2679 2689 2722 2760 2763 2808 2825 2826 2842 2852 2859 2877 2903 2944 2967 2981 2982 3047 3067 3073 3085 3109 3125 3162 3222 3244 3245 3252 3296 3397 3413 3469 3498 3542 3559 3661 3687 3710 3717 3734 3758 3840 3931 3970 4135 4256 4594 4821 5823
65 1999 2098 2146 2191 2297 2365 2396 2399 2430 2469 2479 2519 2569 2591 2608 2609 2637 2644 2674 2680 2707 2788 2799 2802 2835 2857 2878 2887 2900 2973 2977 2984 3003 3026 3096 3102 3113 3184 3193 3248 3253 3255 3263 3337 3342 3497 3509 3521 3572 3578 3706 3727 3760 3779 3796 3906 3958 3962 4058 4254 4339 4605 4977 4978 5921
72 2038 2150 2156 2234 2418 2442 2459 2472 2506 2535 2622 2642 2673 2687 2728 2738 2744 2745 2794 2797 2832 2843 2867 2891 2897 2913 2923 2935 2998 3010 3011 3028 3034 3054 3063 3108 3129 3137 3204 3231 3261 3276 3329 3357 3365 3372 3394 3395 3523 3526 3538 3561 3577 3586 3627 3713 3729 3842 3859 3909 3959 3979 4237 4257 4268 4345 4526 4635 4712 5033 5486 6491
66 2163 2182 2482 2512 2524 2526 2555 2578 2633 2664 2677 2710 2748 2762 2771 2846 2892 2909 2919 2924 2928 2943 2946 3020 3061 3065 3094 3095 3132 3152 3175 3180 3211 3213 3250 3287 3293 3319 3325 3327 3414 3428 3445 3475 3564 3591 3593 3613 3626 3655 3688 3800 3930 3936 3985 3993 4197 4352 4353 4354 4502 4767 4871 5269 5638 6148
71 2198 2209 2351 2496 2554 2557 2570 2573 2599 2614 2701 2746 2768 2770 2774 2782 2853 2908 2917 2931 2937 2947 2948 2986 3035 3055 3121 3124 3127 3136 3199 3220 3271 3301 3343 3344 3359 3370 3371 3376 3378 3408 3419 3432 3433 3466 3485 3539 3549 3566 3597 3617 3624 3673 3699 3752 3841 3848 3938 3940 3943 3988 4026 4274 4422 4461 4512 4685 4771 5273 5987
68 2223 2368 2381 2550 2583 2604 2640 2649 2693 2715 2736 2747 2775 2801 2838 2868 2950 2955 2960 2961 2989 3058 3078 3110 3131 3134 3147 3241 3246 3251 3269 3389 3400 3409 3418 3473 3499 3535 3550 3569 3600 3621 3638 3658 3676 3689 3691 3712 3725 3726 3823 3838 3910 3946 3998 4061 4138 4224 4291 4346 4380 4516 4540 4585 5007 5320 5644 6090
67 2265 2414 2586 2752 2755 2756 2767 2769 2815 2840 2841 2873 2912 2918 2920 2983 3018 3037 3069 3086 3100 3105 3144 3146 3166 3174 3191 3194 3273 3284 3303 3317 3377 3401 3437 3458 3470 3512 3552 3571 3594 3596 3615 3666 3690 3736 3738 3739 3749 3750 3861 3947 3948 4008 4020 4196 4228 4384 4517 4518 4548 4552 4556 4707 4875 5392 6479
66 2378 2417 2607 2777 2785 2836 2858 2860 2906 2914 2930 2992 3001 3019 3033 3040 3103 3130 3156 3158 3176 3228 3229 3277 3280 3286 3290 3310 3314 3321 3360 3368 3382 3441 3446 3461 3463 3567 3574 3576 3602 3714 3718 3732 3737 3751 3768 3787 3862 3864 3977 3995 3996 4038 4042 4271 4297 4412 4437 4586 4643 4708 4963 5044 5674 6588
64 2440 2452 2517 2713 2793 2803 2813 2855 2876 2940 2963 2965 2966 3036 3049 3079 3090 3151 3167 3185 3212 3254 3262 3298 3315 3356 3390 3393 3415 3449 3464 3477 3495 3514 3525 3599 3639 3728 3754 3761 3773 3788 3789 3793 3874 3990 3994 4012 4039 4105 4337 4479 4532 4561 4590 4592 4674 4714 4923 4965 5227 5240 6065 7234
65 2446 2563 2648 2772 2874 2916 2971 3009 3050 3091 3114 3170 3182 3192 3195 3203 3215 3234 3304 3313 3330 3336 3364 3392 3407 3416 3456 3502 3568 3605 3616 3641 3650 3657 3662 3740 3776 3790 3792 3809 3822 3843 3900 3915 3924 3980 4000 4036 4108 4150 4222 4381 4580 4600 4619 4680 4683 4775 4791 5042 5204 5690 5707 6614 7326
67 2584 2600 2652 2698 2795 2890 2933 3005 3064 3118 3122 3186 3205 3225 3243 3281 3299 3320 3340 3362 3379 3402 3431 3434 3435 3453 3454 3488 3543 3584 3585 3609 3646 3672 3674 3677 3799 3805 3814 3820 3824 3852 3880 3916 3933 3935 3964 3966 4007 4013 4121 4155 4255 4270 4287 4360 4367 4411 4682 4695 4698 4793 4832 4881 5473 6164 6202
62 2603 2635 2636 2711 2954 3027 3044 3060 3126 3139 3238 3242 3272 3297 3341 3388 3398 3481 3484 3487 3490 3494 3506 3515 3553 3622 3629 3635 3684 3692 3700 3723 3753 3837 3869 3884 3885 3945 3965 3967 3969 3973 3976 3999 4022 4024 4029 4075 4265 4320 4366 4407 4615 4699 4702 4735 4827 4866 5002 5470 6216 9577
58 2672 2734 2765 2766 3051 3099 3149 3150 3164 3177 3266 3267 3300 3326 3335 3420 3427 3429 3507 3508 3548 3563 3631 3685 3686 3695 3747 3786 3801 3853 3886 3890 3891 3928 4010 4016 4023 4041 4073 4102 4154 4173 4176 4209 4267 4319 4369 4416 4459 4666 4762 4841 4890 4897 4956 5410 6017 6246
63 2717 2758 2830 2864 3128 3172 3201 3259 3264 3275 3283 3292 3318 3332 3348 3430 3465 3500 3532 3545 3546 3603 3606 3705 3721 3730 3759 3771 3778 3806 3828 3888 3889 3895 3897 3927 3939 3960 4035 4056 4086 4133 4142 4198 4203 4206 4210 4242 4296 4326 4336 4450 4490 4646 4688 4811 4840 4872 4940 4962 5284 5561 6405
68 2805 2822 2823 2847 2922 3119 3258 3260 3268 3278 3291 3295 3323 3346 3347 3439 3479 3480 3489 3520 3544 3565 3608 3670 3795 3798 3807 3812 3819 3849 3893 3894 3896 3920 3961 3963 3971 4027 4033 4043 4054 4070 4143 4159 4208 4211 4216 4234 4283 4324 4362 4409 4468 4505 4531 4571 4820 4895 4913 4947 4998 5021 5365 5562 5681 6088 6301 6787
66 2849 2921 3025 3104 3169 3302 3306 3312 3322 3331 3367 3380 3411 3443 3486 3513 3528 3556 3558 3637 3648 3675 3742 3743 3797 3817 3834 3839 3879 3923 3941 3942 3944 3978 3983 4051 4059 4085 4094 4103 4162 4187 4202 4220 4225 4233 4245 4308 4342 4403 4426 4510 4584 4593 4608 4798 4954 4981 5029 5050 5178 5418 6121 6413 6576 9604
65 2851 2993 2996 3076 3235 3316 3324 3333 3339 3350 3373 3391 3412 3537 3541 3573 3587 3604 3647 3654 3678 3683 3774 3791 3794 3825 3846 3926 3974 3975 3981 4011 4045 4072 4080 4106 4109 4112 4118 4164 4191 4253 4269 4285 4301 4330 4333 4427 4445 4449 4462 4463 4631 4664 4746 4877 4973 4995 5032 5054 5216 5361 6055 6511 7207
69 2870 3039 3042 3247 3361 3383 3385 3396 3405 3410 3442 3455 3610 3619 3625 3644 3651 3711 3715 3724 3784 3785 3813 3850 3863 3955 3982 4002 4074 4081 4090 4098 4113 4120 4125 4129 4146 4149 4232 4244 4261 4299 4305 4357 4359 4405 4429 4484 4485 4537 4569 4613 4681 4705 4721 4884 4936 5092 5161 5256 5257 5317 5481 5551 5836 5851 5988 6441 7010
70 2995 3075 3171 3417 3462 3476 3518 3524 3536 3557 3667 3669 3703 3741 3745 3770 3777 3780 3802 3835 3865 3892 3925 3986 4019 4028 4092 4100 4128 4132 4139 4148 4157 4167 4177 4207 4240 4310 4321 4372 4389 4399 4439 4441 4464 4491 4508 4528 4536 4558 4620 4624 4733 4741 4850 4905 4927 4961 5110 5215 5280 5372 5374 5489 5635 5915 5930 6135 6632 9346
64 3016 3123 3179 3181 3425 3471 3519 3560 3582 3623 3671 3722 3731 3783 3803 3804 3821 3830 3882 3887 3908 3989 4021 4047 4101 4136 4147 4160 4161 4180 4199 4213 4230 4258 4328 4378 4404 4406 4451 4475 4498 4499 4513 4554 4563 4626 4651 4729 4755 4783 4790 4848 4907 4908 4984 5196 5231 5285 5375 5513 5991 6133 6625 7162
66 3117 3145 3183 3190 3460 3501 3534 3598 3612 3618 3620 3680 3696 3716 3733 3755 3847 3854 3858 3871 3904 3905 3912 4031 4032 4127 4153 4179 4212 4215 4218 4226 4276 4277 4280 4312 4335 4434 4438 4453 4534 4572 4595 4606 4663 4675 4772 4912 4959 4979 4993 4999 5009 5016 5173 5261 5276 5398 5432 5591 5717 5877 6061 6173 6730 7364
67 3153 3209 3482 3575 3643 3659 3682 3702 3744 3757 3836 3851 3917 3934 3984 4003 4004 4017 4040 4062 4064 4124 4168 4223 4266 4284 4288 4294 4317 4332 4340 4351 4365 4373 4421 4470 4482 4493 4541 4604 4618 4649 4668 4709 4731 4744 4810 4816 4849 4859 5011 5017 5039 5091 5101 5275 5344 5430 5471 5491 5543 5621 5779 6038 6142 6804 7368
69 3155 3198 3288 3503 3579 3640 3679 3694 3707 3735 3762 3764 3845 3881 3949 3997 4015 4025 4044 4048 4055 4079 4095 4110 4130 4163 4178 4290 4295 4316 4343 4368 4371 4414 4420 4424 4471 4477 4488 4492 4496 4509 4522 4525 4557 4596 4609 4653 4670 4711 4725 4876 4920 4932 4971 5019 5085 5120 5158 5294 5386 5466 5507 5609 5618 5897 6179 6279 6835
65 3187 3210 3265 3492 3496 3533 3630 3698 3746 3763 3811 3844 3898 4001 4005 4030 4069 4076 4083 4117 4140 4158 4174 4201 4204 4243 4344 4376 4379 4382 4417 4423 4448 4538 4549 4555 4570 4610 4645 4648 4654 4686 4719 4770 4778 4781 4854 4968 5025 5088 5140 5155 5232 5359 5391 5459 5526 5548 5667 5698 5953 6390 6480 6537 7021
58 3216 3240 3452 3656 3701 3781 3855 3907 4018 4053 4089 4116 4134 4145 4190 4229 4241 4262 4281 4293 4375 4402 4410 4511 4551 4598 4614 4623 4656 4693 4704 4706 4742 4763 4786 4806 4846 4928 4939 5004 5089 5141 5180 5184 5286 5337 5342 5402 5527 5559 5586 5712 5736 6149 6264 6546 6596 7215
64 3233 3236 3384 3505 3592 3866 3867 3914 3953 3954 3992 4009 4082 4093 4096 4137 4185 4193 4194 4263 4272 4292 4374 4383 4425 4428 4546 4578 4583 4602 4633 4669 4676 4700 4738 4740 4752 4787 4826 4837 4853 4863 4899 4982 5143 5145 5172 5190 5217 5225 5408 5515 5536 5569 5650 5678 5774 6189 6217 6587 6647 7049 7272 7417
62 3249 3516 3551 3681 3899 3903 3932 4034 4084 4104 4175 4183 4205 4221 4247 4264 4289 4306 4334 4401 4430 4440 4456 4547 4599 4601 4603 4617 4637 4727 4737 4750 4780 4800 4812 4836 4842 4861 4879 4886 5087 5165 5221 5234 5243 5300 5445 5521 5538 5549 5582 5593 5633 5685 5780 5789 5845 6157 6561 6598 7063 7456
67 3256 3448 3628 3665 3693 3919 3921 3950 3951 4050 4126 4181 4231 4251 4273 4282 4315 4325 4341 4348 4363 4388 4431 4435 4443 4515 4565 4612 4713 4723 4743 4748 4756 4761 4814 4815 4838 4847 4860 4868 4894 4972 4987 4991 5034 5094 5203 5250 5305 5316 5341 5380 5560 5615 5711 5725 5729 5734 5844 5859 5928 6235 6656 6732 6843 7134 7492
70 3353 3363 3562 3632 3765 3772 3937 3972 3987 4006 4046 4123 4144 4165 4192 4252 4278 4298 4350 4356 4370 4385 4396 4413 4432 4460 4489 4497 4504 4519 4582 4658 4667 4749 4776 4779 4813 4819 4839 4843 4865 4893 4911 4924 5003 5038 5043 5047 5061 5099 5264 5319 5328 5358 5381 5558 5571 5629 5747 5787 5849 5918 5948 5960 6094 6240 6663 7187 7341 8385
64 3387 3511 3704 3775 3833 4067 4099 4151 4152 4156 4227 4302 4307 4358 4377 4444 4446 4483 4520 4533 4591 4689 4825 4829 4845 4851 4855 4862 4883 4902 4934 4946 5001 5056 5060 5078 5103 5111 5139 5164 5271 5321 5339 5363 5437 5518 5575 5589 5599 5660 5702 5795 5805 5809 5907 5926 5970 6161 6269 6498 6639 6806 7260 9138
64 3423 3581 3720 3856 3878 4068 4091 4186 4195 4200 4248 4250 4304 4309 4313 4387 4452 4457 4500 4521 4527 4542 4544 4564 4696 4835 4918 4919 4925 4943 4955 4970 5013 5026 5037 5040 5081 5098 5123 5131 5179 5194 5267 5283 5364 5414 5449 5624 5649 5657 5665 5677 5812 5813 5937 5950 6028 6029 6266 6320 6564 6865 7348 7690
69 3440 3491 3611 3756 3782 3911 4115 4169 4217 4219 4249 4286 4314 4323 4394 4395 4454 4465 4472 4524 4545 4559 4577 4579 4657 4687 4720 4873 4906 4930 4986 5006 5015 5048 5067 5076 5095 5150 5154 5174 5186 5187 5205 5246 5288 5335 5338 5362 5421 5452 5544 5576 5663 5686 5709 5719 5728 5764 5819 5864 5870 6002 6008 6271 6332 6542 6898 7460 7756
63 3590 3827 3929 3991 4057 4088 4214 4279 4355 4391 4393 4478 4486 4487 4562 4575 4588 4630 4638 4641 4647 4665 4732 4823 4914 4985 5027 5072 5104 5114 5199 5212 5236 5239 5242 5272 5357 5415 5431 5444 5469 5494 5563 5607 5710 5715 5765 5882 5936 5985 6012 6013 6041 6052 6074 6371 6404 6650 6680 6942 7502 7577 9212
70 3636 3660 3832 4060 4066 4122 4238 4239 4311 4386 4400 4408 4495 4514 4530 4550 4566 4589 4640 4652 4679 4684 4691 4726 4728 4774 4869 4892 4952 4992 5063 5073 5075 5152 5191 5202 5248 5252 5287 5295 5331 5340 5385 5458 5468 5602 5620 5623 5656 5684 5735 5776 5785 5792 5873 5946 5996 6011 6059 6068 6136 6153 6184 6311 6397 6435 6626 6810 7471 7534
63 3709 3860 4114 4166 4170 4318 4327 4415 4455 4553 4567 4597 4621 4642 4672 4692 4724 4736 4782 4792 4818 4822 4844 4988 5000 5018 5024 5080 5093 5122 5132 5135 5214 5268 5378 5389 5393 5399 5463 5572 5605 5625 5626 5722 5743 5753 5814 5824 5872 5981 6022 6040 6159 6169 6181 6303 6442 6496 6737 6830 6952 7540 8618
65 3766 3815 4236 4246 4259 4436 4442 4476 4560 4573 4587 4627 4673 4734 4745 4758 4785 4831 4833 4856 4857 4882 4945 5083 5106 5108 5118 5162 5219 5220 5230 5270 5299 5356 5394 5419 5422 5464 5495 5616 5630 5641 5745 5762 5888 5922 5932 6053 6076 6077 6201 6203 6305 6308 6358 6513 6524 6633 6722 6842 6955 7165 7555 7652 8636
60 3831 3877 4107 4338 4458 4480 4529 4607 4622 4628 4639 4703 4722 4799 4809 4864 4874 4885 4888 4898 4921 4941 5124 5137 5198 5259 5265 5330 5346 5409 5447 5479 5484 5493 5498 5554 5636 5676 5754 5788 5892 5902 5992 6086 6103 6139 6141 6222 6251 6327 6360 6377 6755 6776 6821 6947 6974 7315 7559 7796
66 3873 3902 4260 4303 4390 4481 4503 4535 4629 4636 4655 4677 4694 4730 4795 4828 4880 4889 4900 4929 4931 4958 4990 5035 5036 5064 5169 5200 5290 5306 5367 5373 5379 5426 5443 5485 5487 5567 5573 5617 5640 5655 5697 5778 5807 5858 5866 5933 5995 6066 6101 6209 6248 6260 6293 6325 6415 6495 6573 6881 6883 6960 6969 7153 7641 7688
61 3875 3968 4349 4392 4507 4650 4697 4710 4715 4716 4718 4788 4858 4938 4950 4953 4997 5012 5023 5028 5045 5055 5059 5096 5249 5281 5332 5427 5450 5477 5505 5519 5531 5539 5541 5614 5628 5631 5708 5750 5871 5891 5893 5961 6047 6080 6239 6241 6273 6317 6324 6356 6447 6637 6762 7004 7066 7178 7533 7722 7887
62 3883 4049 4397 4433 4543 4568 4660 4717 4739 4777 4784 4817 4867 4887 4903 4969 5010 5053 5068 5070 5119 5121 5175 5192 5279 5282 5289 5411 5504 5540 5546 5565 5577 5590 5594 5622 5627 5651 5672 5733 5799 5920 5929 5979 6031 6089 6254 6289 6335 6339 6366 6408 6490 6503 6654 6667 6673 6823 7123 7194 7655 7774
65 3922 4077 4447 4474 4751 4769 4824 4834 4910 4933 4942 4948 4975 5022 5052 5071 5074 5084 5090 5100 5133 5189 5291 5292 5347 5417 5438 5581 5606 5642 5643 5646 5648 5662 5688 5692 5755 5773 5841 5853 5923 5931 6004 6019 6023 6034 6067 6070 6109 6281 6355 6431 6478 6499 6506 6532 6783 6988 7002 7008 7270 7294 7399 7568 7820
63 4052 4469 4494 4632 4757 4802 4909 4926 4983 5020 5051 5058 5079 5105 5142 5146 5159 5168 5183 5222 5235 5238 5297 5304 5352 5395 5428 5451 5652 5664 5695 5716 5718 5730 5731 5741 5806 5810 5927 5977 6020 6035 6043 6071 6108 6158 6290 6420 6489 6533 6534 6577 6660 6704 6798 6901 7029 7089 7174 7322 7718 7775 7917
62 4065 4501 4634 4701 4773 4803 4870 4896 4966 4976 5066 5125 5138 5157 5163 5170 5176 5277 5278 5293 5309 5311 5327 5329 5404 5405 5441 5497 5579 5600 5720 5727 5732 5737 5746 5790 5816 5884 5899 5980 5986 6054 6064 6081 6095 6107 6116 6316 6455 6465 6569 6631 6688 6709 6867 7050 7246 7319 7362 7422 7747 7899
67 4071 4398 4581 4754 4765 4807 4808 4917 4937 4957 5005 5082 5102 5126 5166 5167 5177 5218 5223 5253 5301 5314 5322 5350 5412 5442 5480 5488 5611 5691 5752 5758 5767 5775 5786 5825 5880 5957 5989 6009 6039 6045 6083 6087 6118 6122 6126 6144 6342 6501 6541 6560 6619 6713 6717 6818 6921 6929 6972 7090 7214 7371 7424 7608 7886 7907 8009
69 4078 4141 4574 4766 4797 4944 5031 5086 5109 5117 5144 5188 5201 5228 5274 5296 5302 5312 5343 5355 5366 5382 5413 5420 5440 5550 5661 5689 5761 5766 5782 5800 5804 5808 5827 5842 5924 5958 5982 6050 6058 6110 6120 6127 6131 6132 6165 6194 6196 6243 6370 6467 6579 6583 6593 6745 6761 6784 6932 7223 7470 7474 7537 7654 7908 7911 7936 8694 9307
73 4119 4172 4473 4662 4794 4878 4951 4996 5069 5112 5115 5116 5148 5151 5210 5224 5229 5303 5315 5323 5369 5376 5384 5397 5401 5403 5407 5429 5501 5509 5533 5694 5768 5817 5820 5833 5909 5943 5956 6078 6079 6104 6124 6140 6193 6195 6199 6219 6259 6297 6372 6391 6477 6517 6548 6602 6659 6751 6797 6828 6833 6920 7107 7156 7261 7593 7697 7772 7805 7947 7996 8194 8670
64 4182 4671 4796 4989 4994 5077 5113 5127 5128 5171 5182 5251 5307 5318 5348 5353 5390 5396 5406 5425 5434 5474 5490 5530 5584 5699 5701 5770 5803 5839 5840 5947 5962 5971 5978 6048 6075 6106 6232 6247 6249 6270 6285 6307 6333 6346 6401 6536 6592 6636 6661 6702 6769 6782 6832 6916 7100 7435 7553 7729 7806 7841 7854 8314
68 4189 4759 4967 5041 5129 5134 5153 5181 5207 5226 5258 5308 5313 5351 5368 5424 5433 5435 5439 5457 5496 5502 5508 5514 5547 5578 5647 5791 5811 5828 5847 5848 5972 5993 5994 6006 6072 6111 6119 6180 6288 6314 6336 6349 6373 6381 6383 6458 6468 6641 6642 6679 6694 6799 6838 6887 6907 6943 7106 7166 7478 7631 7764 7839 7850 7978 8096 8629
64 4322 4523 4616 4805 5008 5049 5136 5156 5237 5244 5263 5298 5360 5446 5506 5510 5512 5523 5568 5592 5597 5601 5818 5830 5834 5852 5854 5874 6026 6044 6100 6134 6146 6170 6204 6302 6315 6326 6343 6394 6469 6514 6525 6605 6645 6723 6733 6771 6774 6858 6911 7052 7094 7152 7164 7677 7726 7801 7885 7921 8114 8180 8392 8465
66 4466 4661 4801 4904 5149 5185 5206 5247 5310 5333 5416 5436 5478 5556 5570 5587 5603 5659 5687 5700 5749 5781 5869 5890 5894 5905 5913 5974 6010 6060 6147 6156 6166 6175 6220 6223 6306 6334 6353 6387 6417 6505 6527 6528 6529 6558 6568 6608 6801 6840 6848 6899 6981 7074 7119 7121 7125 7192 7731 7741 7789 7837 7903 8167 8351 8799
67 4467 4753 4830 4922 5130 5195 5345 5349 5377 5387 5400 5423 5448 5499 5522 5580 5596 5639 5704 5739 5757 5763 5793 5856 5904 5906 5951 5963 5998 6018 6024 6063 6114 6129 6208 6226 6282 6321 6323 6350 6376 6396 6400 6443 6549 6555 6571 6662 6805 6825 6909 6986 7019 7154 7280 7281 7332 7386 7413 7804 7843 7852 7926 7934 8216 8265 8395
71 4611 4949 4980 5097 5197 5209 5213 5456 5460 5461 5483 5520 5525 5542 5610 5619 5637 5670 5748 5760 5769 5802 5879 5964 5983 6025 6082 6085 6098 6115 6137 6174 6228 6338 6362 6365 6384 6403 6466 6476 6487 6589 6604 6682 6700 6803 6831 6834 6852 6886 6903 6917 6926 7048 7128 7228 7289 7342 7396 7411 7463 7810 7817 7861 7965 7997 8092 8132 8479 8696 9418
65 4760 4804 4960 5030 5147 5241 5245 5462 5516 5534 5574 5654 5671 5682 5683 5742 5759 5772 5821 5822 5838 5843 6015 6033 6138 6143 6145 6176 6178 6182 6253 6291 6375 6380 6432 6438 6492 6494 6512 6526 6678 6685 6691 6855 6880 6913 7055 7073 7101 7139 7220 7306 7453 7457 7477 7518 7617 7856 7900 7938 7966 8151 8307 8909 9154
66 4764 5160 5266 5324 5472 5537 5553 5566 5585 5598 5658 5693 5706 5714 5744 5784 5850 5861 5862 5878 5900 5976 6037 6069 6171 6183 6187 6192 6206 6272 6298 6337 6345 6398 6418 6439 6518 6617 6621 6628 6649 6695 6734 6736 6777 6870 6896 6923 7017 7169 7197 7252 7287 7354 7505 7508 7521 7951 8011 8024 8037 8062 8240 8470 8805 9478
70 4768 5233 5334 5475 5476 5511 5612 5632 5668 5680 5705 5726 5796 5857 5863 5875 5887 5911 5935 5969 5975 6084 6185 6188 6191 6213 6224 6310 6352 6386 6399 6406 6414 6426 6433 6448 6451 6521 6689 6712 6724 6739 6759 6775 6788 6875 6894 6934 6937 7034 7085 7092 7140 7224 7360 7376 7440 7517 7542 7738 7968 8070 8187 8268 8360 8387 8631 8753 9204 9741
67 4852 4935 5262 5492 5528 5529 5545 5669 5696 5713 5783 5797 5912 5916 6036 6057 6097 6160 6162 6210 6225 6238 6252 6367 6368 6378 6388 6450 6453 6462 6483 6530 6539 6565 6714 6725 6789 6792 6827 6839 6949 6984 7057 7113 7137 7182 7204 7301 7480 7520 7524 7544 7604 7746 7791 7858 7930 8060 8105 8236 8270 8412 8443 8715 8898 9510 9784
66 4891 4974 5325 5326 5336 5503 5555 5675 5724 5751 5826 5829 5860 5867 5901 5925 6099 6112 6163 6186 6230 6233 6256 6263 6287 6354 6429 6449 6456 6457 6471 6484 6502 6540 6545 6594 6607 6653 6758 6760 6853 6863 6900 6957 6987 7051 7145 7193 7250 7339 7445 7461 7486 7523 7551 7616 7647 7770 8061 8077 8225 8298 8514 8683 9255 9700
70 5014 5354 5388 5532 5564 5653 5740 5815 5855 5868 5883 5990 6007 6105 6128 6167 6212 6218 6236 6268 6276 6318 6357 6434 6454 6460 6486 6508 6544 6581 6591 6601 6611 6624 6629 6644 6698 6726 6768 6802 6850 6877 6938 6939 6958 6964 7041 7067 7170 7198 7254 7263 7389 7452 7465 7490 7583 7644 7705 7788 8164 8165 8228 8290 8353 8402 8816 9163 9481 9770
61 5046 5062 5370 5383 5583 5721 5794 5881 5895 5896 5940 5945 6016 6027 6205 6215 6274 6277 6296 6329 6364 6510 6552 6612 6646 6670 6692 6696 6706 6786 6807 6861 6884 6905 6946 6965 6967 7070 7083 7095 7160 7226 7255 7266 7274 7498 7501 7512 7595 7601 7618 7711 7730 7991 8068 8195 8317 8539 8548 8768 8887
68 5057 5260 5467 5535 5595 5865 5910 5949 5968 5999 6000 6049 6221 6244 6286 6300 6312 6328 6331 6344 6385 6412 6574 6582 6585 6648 6665 6684 6701 6716 6721 6741 6742 6743 6837 6841 6851 6924 6940 6953 6962 7003 7023 7093 7098 7211 7241 7269 7293 7302 7303 7562 7567 7602 7666 7683 7713 7807 8081 8272 8305 8374 8574 8583 8819 9192 9527 9932
67 5254 5455 5524 5557 5608 5756 5771 5846 5886 5898 5997 6005 6073 6113 6123 6125 6267 6295 6309 6359 6389 6436 6472 6473 6515 6531 6586 6590 6651 6674 6693 6719 6728 6735 6749 6757 6772 6846 6930 6963 6977 7027 7040 7064 7079 7127 7311 7325 7391 7420 7434 7451 7600 7619 7714 7717 7923 7970 8218 8416 8585 8589 8619 8879 8964 9343 9958
67 5371 5500 5588 5613 5889 5903 5908 5938 6003 6030 6102 6177 6211 6262 6299 6341 6361 6369 6393 6470 6523 6535 6567 6606 6609 6672 6707 6763 6773 6780 6809 6811 6829 6836 6873 6892 6895 6904 6968 6991 7081 7103 7129 7133 7141 7168 7283 7366 7444 7454 7469 7594 7658 7734 7754 7868 8002 8018 8043 8100 8484 8487 8501 8640 8932 9354 9837
66 5465 5552 5645 5876 5914 5917 5942 5965 6092 6150 6237 6242 6255 6280 6292 6304 6395 6409 6538 6550 6553 6572 6666 6697 6705 6813 6814 6849 6878 6882 6908 6915 6941 6945 6998 7012 7013 7033 7124 7143 7155 7181 7189 7208 7225 7314 7372 7446 7497 7657 7659 7799 7857 7897 7972 8058 8110 8244 8582 8731 8743 8744 8774 9015 9556 9914
64 5482 5604 5673 5837 5934 5941 5966 6032 6117 6275 6278 6283 6322 6379 6411 6419 6427 6437 6446 6547 6559 6584 6630 6690 6800 6820 6862 6948 6951 6993 6996 7001 7018 7035 7044 7053 7069 7159 7196 7206 7210 7231 7262 7285 7333 7373 7403 7530 7565 7665 7687 7967 7977 7998 8032 8117 8376 8596 8771 8784 8945 9109 9404 9558
66 5634 5703 5939 5944 5952 5973 6093 6155 6234 6284 6313 6348 6452 6464 6519 6522 6562 6615 6675 6708 6711 6715 6856 6893 6914 6927 6954 7005 7025 7043 7058 7075 7077 7088 7102 7126 7172 7212 7217 7218 7248 7292 7350 7357 7398 7504 7507 7535 7548 7686 7818 7892 7895 8045 8084 8146 8241 8409 8658 8776 8891 8928 9018 9431 9799 9941
61 5777 5801 5967 5984 6046 6168 6351 6374 6410 6421 6481 6485 6500 6551 6652 6738 6740 6750 6795 6824 6847 6918 6976 6997 7007 7056 7099 7112 7114 7130 7171 7184 7200 7221 7236 7273 7410 7428 7479 7506 7547 7571 7599 7627 7736 7827 7902 7905 8088 8112 8174 8197 8247 8516 8682 8941 9100 9188 9410 9768 9969
71 5798 5955 6001 6062 6151 6231 6250 6363 6382 6444 6504 6520 6554 6566 6616 6643 6676 6744 6747 6793 6860 6872 6989 6999 7000 7009 7072 7104 7118 7146 7167 7199 7233 7238 7265 7271 7307 7353 7365 7425 7433 7447 7495 7550 7640 7646 7669 7862 7913 7933 7987 8104 8160 8192 8203 8219 8306 8343 8559 8637 8660 8750 8792 8978 9094 9296 9330 9544 9607 9802 9982
63 5832 5959 6021 6154 6200 6258 6294 6402 6407 6445 6516 6556 6580 6618 6634 6686 6764 6854 6944 7024 7032 7036 7037 7039 7059 7068 7076 7150 7157 7237 7242 7258 7276 7310 7378 7437 7438 7476 7510 7563 7573 7582 7685 7716 7749 7904 8010 8014 8127 8169 8363 8515 8695 8712 8830 8880 8893 8916 8959 9152 9349 9403 9827
60 5835 6056 6152 6214 6245 6416 6459 6474 6509 6563 6622 6657 6658 6752 6817 6874 7038 7045 7062 7071 7082 7091 7108 7188 7247 7288 7290 7298 7344 7346 7363 7385 7499 7500 7570 7578 7585 7624 7632 7634 7710 7780 7786 7814 7920 7954 8065 8075 8179 8510 8520 8522 8708 8782 8918 8953 8986 9161 9555 9643
67 5919 6042 6096 6198 6265 6461 6463 6475 6482 6620 6677 6681 6703 6710 6727 6731 6779 6826 6859 6866 6919 7046 7078 7097 7122 7131 7195 7213 7300 7308 7312 7321 7431 7491 7493 7514 7515 7546 7556 7564 7591 7628 7635 7684 7732 7762 7797 7819 7874 7945 8071 8079 8126 8188 8243 8393 8527 8533 8736 8846 8895 9003 9293 9358 9645 9697 9860
60 6130 6190 6319 6347 6493 6595 6623 6655 6718 6746 6753 6766 6767 6794 6816 6902 6971 6978 7105 7135 7190 7209 7243 7267 7282 7340 7370 7388 7509 7557 7558 7586 7587 7615 7622 7626 7630 7733 7783 7821 7825 7826 7940 8021 8101 8102 8202 8302 8535 8542 8567 8935 8981 8987 9064 9383 9388 9650 9782 9882
62 6197 6227 6257 6425 6578 6635 6699 6748 6790 6815 6822 6868 6979 6990 6994 7111 7142 7163 7202 7257 7268 7275 7284 7334 7345 7377 7404 7429 7443 7532 7549 7588 7656 7673 7676 7700 7737 7808 7813 7823 7832 7848 7943 7956 7959 7971 8030 8157 8163 8252 8308 8554 8555 8749 8845 9001 9023 9030 9071 9444 9724 9838
60 6229 6261 6497 6597 6600 6640 6664 6756 6844 6869 6876 6966 6985 7016 7028 7054 7240 7291 7304 7305 7328 7336 7352 7355 7423 7432 7459 7589 7612 7623 7681 7725 7750 7758 7778 7803 7829 7834 7879 7961 7963 8048 8059 8064 8069 8091 8136 8229 8287 8323 8433 8606 8672 8803 9041 9045 9080 9164 9573 9841
62 6330 6340 6488 6610 6671 6729 6754 6871 6889 6910 6912 7022 7061 7065 7227 7316 7330 7374 7387 7400 7407 7466 7525 7531 7554 7596 7620 7663 7682 7692 7702 7757 7763 7795 7836 7881 7889 7964 8016 8054 8086 8173 8181 8209 8275 8326 8388 8556 8576 8685 8779 8979 9099 9113 9244 9320 9398 9422 9438 9731 9786 9873
64 6392 6423 6543 6557 6668 6683 6765 6864 6922 6925 6995 7086 7087 7110 7117 7278 7296 7317 7356 7390 7401 7409 7415 7419 7472 7473 7560 7645 7696 7701 7712 7739 7779 7831 7844 7853 7888 7898 7912 7975 8023 8041 8056 8098 8138 8208 8212 8280 8342 8344 8408 8427 8622 8648 8747 8777 8810 9134 9148 9347 9452 9580 9847 9995
63 6424 6440 6603 6687 6720 6778 6819 6936 6961 6973 7109 7116 7144 7149 7201 7239 7299 7338 7369 7392 7405 7450 7455 7484 7503 7672 7740 7785 7792 7809 7859 7882 7893 7909 7924 7932 7994 7999 8082 8107 8113 8161 8301 8312 8340 8354 8357 8359 8382 8411 8451 8632 8770 8994 9112 9143 9423 9463 9505 9767 9829 9866 9918
62 6428 6570 6613 6770 6785 6857 6890 6928 6983 7020 7084 7147 7158 7176 7185 7327 7347 7393 7462 7468 7483 7522 7536 7610 7614 7706 7753 7766 7830 7838 7846 7860 7884 7919 7948 8028 8029 8031 8034 8087 8116 8119 8155 8156 8198 8303 8361 8380 8405 8428 8449 8456 8647 8690 8788 9025 9285 9474 9586 9615 9748 9968
62 6430 6638 6791 6796 6879 6888 6935 6970 7026 7151 7177 7180 7203 7259 7286 7349 7359 7489 7580 7592 7597 7651 7727 7767 7771 7811 7873 7877 7953 7962 7973 8051 8095 8129 8133 8139 8158 8171 8186 8196 8199 8230 8233 8300 8397 8430 8452 8467 8473 8474 8485 8633 8706 8802 8823 9170 9208 9476 9535 9613 9687 9723
67 6507 6669 6812 6931 6959 6992 7011 7060 7161 7232 7249 7361 7375 7379 7412 7441 7541 7561 7629 7660 7661 7664 7670 7743 7761 7776 7802 7928 7941 7949 7989 8007 8015 8038 8109 8124 8168 8175 8190 8200 8210 8217 8259 8269 8271 8291 8331 8403 8457 8508 8521 8531 8557 8635 8716 8739 8742 8811 8955 9020 9034 9253 9517 9542 9563 9765 9869
61 6599 6808 6845 6897 6980 7014 7042 7120 7191 7230 7295 7381 7406 7408 7464 7467 7598 7671 7680 7693 7703 7709 7815 7824 7863 7958 7990 8020 8035 8066 8094 8135 8140 8221 8223 8226 8242 8276 8304 8310 8313 8367 8379 8419 8496 8524 8570 8600 8676 8719 8763 8772 8818 9022 9065 9277 9353 9579 9774 9904 9971
56 6781 6891 6933 7015 7031 7115 7219 7244 7279 7323 7367 7383 7430 7488 7513 7526 7675 7745 7765 7784 7812 7816 7847 7906 7935 7983 8115 8137 8142 8148 8149 8254 8283 8288 8319 8321 8333 8336 8420 8429 8444 8459 8580 8612 8664 8729 8789 8836 8902 9032 9069 9524 9576 9633 9642 9916
60 6885 6956 6982 7030 7096 7173 7183 7253 7351 7416 7436 7482 7538 7572 7605 7691 7748 7755 7835 7875 7876 7925 7939 7950 8008 8106 8145 8185 8248 8255 8279 8295 8329 8355 8362 8370 8396 8401 8414 8425 8491 8495 8525 8608 8656 8662 8704 8735 8738 8838 8852 8853 8929 9074 9082 9582 9698 9778 9927 9987
58 6950 7006 7216 7235 7251 7331 7442 7485 7519 7603 7607 7637 7719 7751 7768 7840 7869 7931 7942 7955 8047 8089 8144 8189 8231 8278 8332 8334 8338 8341 8373 8461 8480 8497 8537 8563 8571 8671 8674 8692 8705 8748 8785 8806 8863 8881 8888 8905 8922 8940 9124 9557 9679 9705 9710 9788 9828 9991
55 6975 7047 7175 7245 7309 7335 7384 7481 7528 7621 7668 7777 7800 7866 7880 7916 7993 8013 8040 8055 8067 8153 8159 8222 8337 8345 8348 8371 8378 8422 8475 8490 8498 8519 8529 8534 8587 8626 8643 8703 8767 8795 8809 8923 8951 8962 8985 9181 9221 9291 9667 9713 9805 9863 9894
54 7080 7132 7222 7329 7358 7380 7449 7543 7575 7579 7625 7667 7679 7865 7872 7878 7927 7981 8004 8025 8122 8131 8147 8191 8284 8335 8352 8384 8390 8436 8489 8550 8578 8599 8614 8667 8684 8800 8804 8817 8822 8825 8930 8965 8998 9004 9036 9063 9198 9201 9342 9759 9900 9912
52 7136 7179 7337 7394 7397 7421 7458 7516 7650 7715 7842 7870 7891 7896 7960 8000 8042 8123 8150 8213 8214 8215 8294 8296 8350 8426 8435 8509 8560 8597 8610 8621 8688 8702 8707 8757 8827 8839 8856 8869 9000 9013 9048 9061 9086 9101 9108 9348 9523 9865 9934 9947
58 7138 7148 7186 7205 7343 7395 7439 7552 7699 7707 7721 7723 7728 7773 7910 7915 7944 8001 8005 8036 8182 8206 8211 8224 8245 8253 8260 8347 8437 8446 8482 8601 8630 8650 8675 8713 8720 8758 8759 8773 8837 8847 8866 8868 8921 8947 9005 9009 9026 9062 9132 9146 9167 9193 9450 9686 9766 9962
53 7229 7256 7297 7313 7402 7448 7475 7496 7529 7581 7742 7769 7790 7952 7957 7974 7988 8006 8022 8076 8154 8235 8238 8258 8309 8318 8325 8330 8413 8448 8455 8512 8639 8732 8761 8762 8764 8780 8843 8860 8867 8900 8973 8984 8997 9016 9028 9102 9114 9176 9301 9335 9878
56 7277 7320 7382 7487 7494 7569 7611 7636 7648 7744 7798 7845 7980 8012 8050 8093 8111 8239 8249 8251 8262 8274 8289 8358 8369 8391 8505 8507 8536 8538 8591 8661 8686 8787 8796 8871 8882 8942 8960 8972 9017 9046 9070 9083 9085 9088 9105 9125 9137 9205 9206 9225 9364 9508 9881 9924
55 7318 7324 7511 7574 7638 7689 7694 7698 7724 7867 7992 8046 8072 8176 8178 8201 8256 8263 8292 8316 8322 8466 8477 8499 8552 8558 8562 8604 8605 8665 8666 8807 8814 8864 8883 8901 8908 8975 8999 9021 9142 9144 9156 9162 9171 9199 9210 9234 9245 9259 9305 9306 9377 9572 9953
51 7418 7539 7606 7643 7695 7752 7864 7890 7976 8108 8257 8264 8285 8320 8328 8349 8377 8389 8398 8441 8458 8483 8511 8573 8611 8616 8659 8691 8722 8752 8842 8886 8926 8982 8990 8996 9077 9103 9174 9195 9226 9230 9237 9265 9271 9275 9313 9318 9374 9433 9620
50 7426 7545 7566 7720 7787 7871 7894 7985 7986 8053 8063 8162 8250 8281 8293 8365 8423 8460 8469 8476 8602 8617 8623 8721 8734 8755 8775 8826 8915 8925 8963 9002 9011 9024 9040 9047 9066 9239 9266 9269 9294 9298 9319 9331 9333 9369 9379 9503 9637 9886
53 7427 7576 7613 7708 7922 7929 7969 7982 8049 8074 8204 8266 8368 8375 8410 8454 8463 8486 8493 8528 8588 8593 8628 8652 8677 8769 8801 8821 8938 9008 9010 9050 9060 9091 9098 9119 9140 9169 9262 9316 9337 9341 9357 9373 9386 9396 9399 9402 9449 9468 9496 9514 9978
50 7584 7609 7639 7704 7793 7979 8003 8052 8083 8130 8193 8277 8381 8417 8442 8478 8488 8506 8517 8603 8655 8668 8689 8760 8808 8813 8824 8844 8855 8989 9068 9118 9122 9177 9196 9197 9209 9214 9295 9345 9401 9429 9432 9472 9479 9486 9536 9539 9569 9661
50 7633 7642 7781 7918 7984 8017 8118 8234 8237 8261 8418 8421 8462 8494 8518 8532 8541 8627 8638 8794 8815 8832 8857 8861 8892 8899 9043 9081 9185 9207 9232 9252 9264 9276 9297 9387 9405 9426 9465 9473 9480 9493 9512 9519 9541 9550 9602 9608 9657 9813
48 7653 7735 7855 7946 8026 8027 8120 8273 8439 8445 8500 8526 8553 8569 8577 8581 8641 8700 8859 8862 8878 8907 8931 8939 8956 9135 9160 9217 9256 9283 9290 9292 9312 9323 9409 9419 9471 9509 9511 9516 9521 9574 9578 9603 9605 9623 9631 9948
50 7662 7678 7794 8073 8080 8134 8282 8324 8327 8471 8549 8564 8572 8594 8609 8620 8642 8645 8680 8687 8723 8877 8889 8943 8967 8976 9007 9158 9233 9261 9299 9325 9355 9400 9427 9469 9487 9518 9528 9530 9532 9566 9610 9638 9649 9652 9680 9691 9819 9977
51 7674 7760 8090 8121 8125 8143 8166 8297 8438 8464 8530 8575 8584 8634 8646 8649 8673 8718 8728 8783 8812 8874 8894 8917 8944 9012 9029 9057 9072 9179 9250 9279 9326 9344 9359 9390 9421 9424 9483 9507 9513 9525 9534 9597 9614 9639 9663 9682 9722 9789 9903
51 7782 7822 7901 8128 8152 8170 8286 8356 8540 8547 8613 8615 8651 8679 8681 8711 8737 8741 8793 8828 8840 8848 8904 8912 8988 9035 9051 9092 9116 9228 9278 9334 9367 9381 9430 9453 9547 9551 9553 9560 9567 9596 9611 9626 9641 9644 9656 9684 9715 9849 9905
53 7828 7851 8172 8177 8227 8399 8400 8503 8624 8663 8693 8697 8726 8727 8746 8756 8790 8873 8876 8914 8974 8993 9056 9067 9087 9089 9090 9110 9127 9187 9216 9222 9280 9389 9411 9552 9564 9570 9587 9624 9647 9653 9676 9693 9701 9711 9744 9746 9775 9834 9840 9859 9945
46 7833 7995 8183 8205 8386 8431 8481 8566 8699 8701 8714 8754 8791 8798 8831 8897 8911 9006 9084 9093 9126 9173 9218 9247 9249 9287 9300 9311 9414 9448 9588 9595 9617 9630 9659 9671 9706 9726 9730 9749 9801 9843 9879 9926 9950 9972
46 7849 7883 8207 8366 8415 8513 8586 8625 8745 8751 8765 8766 8834 8865 8913 8920 8958 9044 9059 9149 9153 9178 9281 9303 9309 9365 9370 9434 9455 9598 9609 9616 9666 9668 9674 9683 9709 9717 9758 9779 9783 9807 9846 9867 9875 9938
45 7914 7937 8039 8364 8434 8492 8565 8717 8820 8884 8910 8924 8933 8968 9078 9186 9203 9220 9231 9254 9260 9332 9368 9372 9458 9464 9466 9490 9501 9672 9673 9681 9707 9712 9734 9776 9893 9896 9897 9901 9911 9920 9944 9946 9965
39 8033 8044 8085 8339 8432 8592 8733 8778 8829 8936 8937 8954 8957 8970 9107 9133 9240 9267 9270 9274 9363 9375 9412 9482 9497 9618 9628 9655 9694 9716 9729 9757 9794 9810 9830 9922 9928 9929 9985
38 8057 8078 8184 8383 8523 8543 8781 8833 8966 8991 8992 9027 9055 9121 9172 9182 9183 9289 9308 9314 9317 9376 9420 9500 9502 9526 9575 9651 9736 9739 9763 9769 9796 9800 9823 9852 9981 9998
36 8097 8099 8103 8246 8406 8654 8710 8797 8841 8872 9033 9096 9097 9147 9165 9184 9223 9235 9310 9324 9327 9339 9442 9529 9545 9593 9654 9664 9750 9792 9824 9844 9876 9877 9931 9999
36 8141 8220 8267 8394 8440 8740 8851 8875 8885 8890 8906 9115 9229 9238 9242 9272 9315 9338 9350 9362 9393 9425 9436 9548 9562 9677 9689 9703 9809 9833 9845 9902 9923 9935 9959 9996
29 8299 8315 8372 8447 8657 8678 8850 8919 8949 8950 9076 9139 9241 9258 9302 9329 9380 9395 9415 9451 9457 9499 9634 9690 9704 9728 9780 9855 9906
27 8346 8404 8468 8568 8870 8903 8980 9019 9073 9095 9322 9356 9391 9394 9406 9437 9461 9491 9531 9554 9658 9720 9760 9793 9821 9862 9871
31 8407 8453 8472 8504 8590 8927 8969 9039 9042 9052 9079 9120 9150 9407 9439 9456 9467 9477 9485 9495 9533 9571 9619 9660 9733 9737 9771 9812 9815 9839 9857
24 8424 8502 8544 8653 8934 9123 9128 9129 9190 9263 9462 9494 9546 9583 9622 9648 9675 9781 9818 9835 9842 9908 9952 9964
26 8450 8545 8579 8835 8952 8977 9130 9175 9219 9268 9489 9504 9537 9540 9565 9725 9753 9798 9854 9883 9889 9910 9917 9921 9979 9983
25 8546 8561 8607 8971 9037 9075 9131 9224 9273 9286 9382 9428 9549 9585 9599 9665 9745 9762 9808 9870 9885 9919 9970 9976 9993
19 8551 8595 8669 8983 9202 9227 9304 9378 9384 9484 9590 9795 9803 9848 9851 9853 9949 9954 9973
19 8598 8644 8698 8730 9104 9200 9236 9352 9385 9397 9515 9625 9721 9825 9864 9880 9898 9986 9994
16 8709 8724 8854 8948 9251 9408 9416 9454 9629 9678 9773 9831 9892 9936 9939 9990
14 8725 8896 9031 9117 9361 9459 9520 9612 9621 9627 9708 9909 9943 9975
13 8786 8961 9038 9166 9257 9470 9506 9559 9636 9640 9719 9856 9955
17 8849 8858 9053 9054 9136 9336 9492 9522 9592 9606 9702 9751 9752 9761 9777 9961 9989
12 8946 9141 9157 9248 9366 9441 9632 9669 9735 9754 9874 9915
13 8995 9014 9151 9213 9417 9460 9568 9646 9685 9699 9772 9790 9907
13 9049 9111 9194 9243 9288 9584 9635 9732 9755 9785 9806 9816 9963
13 9058 9155 9246 9447 9591 9695 9747 9787 9804 9811 9817 9937 9974
11 9106 9211 9360 9589 9743 9756 9797 9836 9884 9899 9980
11 9145 9215 9440 9443 9538 9791 9891 9933 9956 9966 9967
9 9159 9282 9284 9445 9498 9820 9930 9940 9984
6 9168 9328 9727 9826 9868 9951
6 9180 9321 9340 9446 9662 9850
4 9189 9561 9913 9942
6 9191 9351 9581 9692 9957 9992
3 9371 9594 9688
4 9392 9435 9718 9887
3 9413 9740 9764
4 9475 9488 9814 9861
3 9543 9696 9858
3 9601 9742 9960
2 9670 9822
3 9714 9738 9872
2 9832 9890
2 9888 9988
1 9925
0
0
0
0
0
0
0
0
0
0
0
0
0
0
0
0
0
0
0
0
0
0
0
0
0
0
0
0
0
0
0
0
0
0
0
0
0
0
0
0
0
0
0
0
0
0
0
0
0
0
0
0
0
0
0
0
0
0
0
0
0
0
0
0
0
0
0
0
0
0
0
0
0
0
0
0
0
0
0
0
0
0
0
0
0
0
0
0
0
0
0
0
0
0
0
0
0
0
0
0
0
0
0
0
0
0
0
0
0
0
0
0
0
0
0
0
0
0
0
0
0
0
0
0
0
0
0
0
0
0
0
0
0
0
0
0
0
0
0
0
0
0
0
0
0
0
0
0
0
0
0
0
0
0
0
0
0
0
0
0
0
0
0
0
0
0
0
0
0
0
0
0
0
0
0
0
0
0
0
0
0
0
0
0
0
0
0
0
0
0
0
0
0
0
0
0
0
0
0
0
0
0
0
0
0
0
0
0
0
0
0
0
0
0
0
0
0
0
0
0
0
0
0
0
0
0
0
0
0
0
0
0
0
0
0
0
0
0
0
0
0
0
0
0
0
0
0
0
0
0
0
0
0
0
0
0
0
0
0
0
0
0
0
0
0
0
0
0
0
0
0
0
0
0
0
0
0
0
0
0
0
0
0
0
0
0
0
0
0
0
0
0
0
0
0
0
0
0
0
0
0
0
0
0
0
0
0
0
0
0
0
0
0
0
0
0
0
0
0
0
0
0
0
0
0
0
0
0
0
0
0
0
0
0
0
0
0
0
0
0
0
0
0
0
0
0
0
0
0
